-1.0
-1.0
-1.0
-1.0
-1.0
-1.0
-1.0
-1.0
-1.0
0.0
0.0
0.0
0.0
0.0
0.0
0.0
0.0
0.0
0.0
0.0
0.0
0.0
0.0
0.0
0.0
0.0
0.0
0.0
0.0
0.0
0.0
0.0
0.0
0.0
0.0
0.0
0.0
0.0
0.0
0.0
0.0
0.0
0.0
0.0
0.0
0.0
0.0
0.0
0.0
0.0
0.0
0.0
0.0
0.0
112.0
112.0
112.0
112.0
112.0
112.0
112.0
112.0
112.0
181.0
181.0
181.0
181.0
181.0
181.0
181.0
181.0
181.0
231.0
231.0
231.0
231.0
231.0
231.0
231.0
231.0
231.0
12544.0
12544.0
12544.0
12544.0
12544.0
12544.0
12544.0
12544.0
12544.0
32761.0
32761.0
32761.0
32761.0
32761.0
32761.0
32761.0
32761.0
32761.0
53361.0
53361.0
53361.0
53361.0
53361.0
53361.0
53361.0
53361.0
53361.0
-0.547987312316
-0.696477689093
-2.7250548252
22.9605364441
-27.2407170722
-1.83490059746
51.706104605
-56.0378936218
2.95897667832
105.623881323
0.0319838293754
-0.515601133759
-6.26870174358
7.77799368052
3.27817751299
-8.86231212104
5.01505235513
5.15770414752
4.89296486161
-2.52369732979
1.82782422327
-6.02394100613
4.4679681677
-4.57285560188
4.27782993042
-3.87477910076
-8.03367977767
19.6711449442
-6.5117551358
3.15379647541
2.13116592034
-0.228411919541
-0.204509161411
8.31215171853
-15.8876528889
-1.06986383872
11.3907583188
0.80727454673
1.78134493746
4.06307205962
-2.27273712628
-12.3223680844
8.37447582407
0.862816757234
-16.6571898881
15.781497491
-4.46392126637
3.92211296441
8.57608995981
-9.89592249721
12.0264420817
-20.9079854507
9.84503830807
4.05894668697
-8.26986503996
